0,264
0,383
0,263
0,506
0,262
0,495
0,261
0,490
0,260
2,3
0,384
5,3
6,4
15,167
15,3
15,4
16,5
16,3
14,33
14,36
16,4799
16,4798
16,4797
16,4796
16,4795
16,4794
16,4793
16,4792
16,4791
16,4541
16,4538
16,4535
16,4533
16,4531
16,4530
16,4529
16,4528
16,4526
16,4525
16,4524
16,4522
16,4521
16,4520
16,4519
16,4518
16,4516
16,4508
16,4507
16,4506
16,4505
16,4504
16,4503
16,4502
16,4500
16,4499
16,4498
16,4497
16,4496
16,4494
16,4493
16,4491
16,4489
16,4485
16,4484
16,4482
16,4481
16,3592
16,3591
16,3590
16,3589
16,3587
16,3586
16,3585
16,3238
16,2957
16,1976
16,426
15,3877
15,3876
15,3875
15,3874
15,3873
15,3872
15,3871
15,3870
15,3869
15,3868
15,3867
15,3866
15,3046
15,3008
15,2726
14,9
14,5
14,4
14,3
14,2
14,0
10,4
10,3
10,2
10,1
10,0
9,5
9,4
9,3
8,5
8,4
8,3
6,3
2,5
2,4
1,3
0,468
0,421
0,420
0,419
0,310
0,243
0,0
0,1
0,395
0,300
0,433
0,299
0,408
0,298
0,501
0,297
0,308
0,296
0,500
0,295
0,405
0,294
0,483
0,293
0,492
0,292
0,375
0,291
0,447
0,290
0,418
0,289
0,318
0,288
0,455
0,287
0,505
0,286
0,510
0,285
0,470
0,284
0,393
0,283
0,311
0,282
0,454
0,281
0,458
0,280
0,404
0,279
0,317
0,278
0,491
0,277
0,392
0,276
0,499
0,275
0,307
0,274
0,507
0,273
0,386
0,272
0,349
0,271
0,331
0,270
15,30
15,32
15,33
15,35
15,37
15,38
15,40
15,41
15,43
15,44
15,47
15,52
15,54
15,68
15,70
15,72
15,73
15,75
15,76
15,78
15,80
15,81
15,83
15,84
15,86
15,87
15,89
15,91
15,92
15,94
15,95
15,97
15,99
15,100
15,102
15,103
15,105
15,107
15,108
15,110
15,111
15,113
15,114
15,116
15,118
15,119
15,121
15,122
15,124
15,126
15,127
15,133
15,138
15,141
15,144
15,151
15,154
15,158
15,265
15,267
15,268
15,270
15,272
15,273
15,275
15,276
15,278
15,280
15,281
15,283
15,284
15,286
15,287
15,289
15,291
15,292
15,294
15,295
15,297
15,299
15,300
15,302
15,303
15,305
15,306
15,308
15,310
15,311
15,314
15,315
15,317
15,319
15,320
15,322
15,323
15,325
15,326
15,328
15,330
15,331
15,333
15,334
15,336
15,338
15,339
15,341
15,342
15,344
15,346
15,347
15,349
15,350
15,353
15,355
15,357
15,358
15,360
15,361
15,363
15,365
15,366
15,368
15,369
15,371
15,372
15,374
15,376
15,377
15,379
15,380
15,382
15,384
15,385
15,387
15,388
15,390
15,391
15,393
15,395
15,396
15,398
15,399
15,401
15,403
15,404
15,406
15,407
15,409
15,410
15,412
15,414
15,415
15,417
15,418
15,420
15,422
15,423
15,425
15,426
15,428
15,430
15,431
15,433
15,434
15,436
15,437
15,439
15,442
15,443
15,445
15,446
15,448
15,450
15,451
15,453
15,454
15,456
15,457
15,459
15,461
15,462
15,464
15,465
15,467
15,469
15,470
15,472
15,473
15,475
15,476
15,478
15,480
15,481
15,483
15,484
15,486
15,488
15,489
15,491
15,492
15,494
15,500
15,501
15,503
15,504
15,506
15,507
15,509
15,511
15,512
15,514
15,517
15,519
15,523
15,524
15,527
15,530
15,532
15,533
15,537
15,539
15,540
15,548
15,551
15,552
15,555
15,556
15,560
15,562
15,563
15,566
15,567
15,569
15,573
15,574
15,577
15,579
15,581
15,582
15,584
15,585
15,587
15,588
15,590
15,592
15,593
15,595
15,596
15,598
15,600
15,601
15,603
15,604
15,606
15,607
15,609
15,611
15,612
15,614
15,615
15,617
15,619
15,620
15,622
15,623
15,625
15,626
15,628
15,630
15,631
15,633
15,634
15,636
15,638
15,639
15,641
15,642
15,644
15,645
15,647
15,649
15,650
15,652
15,653
15,655
15,657
15,658
15,660
15,661
15,663
15,665
15,666
15,668
15,669
15,671
15,672
15,674
15,676
15,677
15,679
15,680
15,682
15,684
15,685
15,687
15,688
15,690
15,691
15,693
15,695
15,696
15,698
15,699
15,701
15,703
15,780
15,790
15,811
15,822
15,823
15,832
15,833
15,835
15,837
15,838
15,840
15,841
15,843
15,845
15,846
15,848
15,849
15,851
15,852
15,854
15,856
15,857
15,859
15,860
15,862
15,864
15,865
15,867
15,868
15,870
15,871
15,873
15,875
15,876
15,878
15,879
15,881
15,884
15,885
15,887
15,888
15,890
15,891
15,893
15,895
15,896
15,898
15,899
15,901
15,903
15,906
15,908
15,909
15,911
15,912
15,914
15,916
15,917
15,919
15,920
15,922
15,924
15,925
15,927
15,928
15,930
15,932
15,934
15,936
15,937
15,939
15,940
15,942
15,944
15,945
15,947
15,948
15,950
15,959
15,960
15,962
15,963
15,965
15,966
15,968
15,970
15,971
15,974
15,975
15,977
15,979
15,980
15,982
15,983
15,985
15,986
15,990
15,992
15,993
15,995
15,996
15,998
15,1013
15,1017
15,1025
15,1031
15,1043
15,1051
15,1052
15,1064
15,1065
15,1078
15,1087
15,1098
15,1110
15,1121
15,1142
15,1143
15,1152
15,1155
15,1156
15,1159
15,1160
15,1166
15,1167
15,1169
15,1172
15,1173
15,1176
15,1177
15,1180
15,1183
15,1185
15,1187
15,1188
15,1190
15,1192
15,1195
15,1198
15,1199
15,1202
15,1203
15,1205
15,1207
15,1210
15,1213
15,1215
15,1237
15,1248
15,1259
15,1268
15,1279
15,1280
15,1305
15,1326
15,1327
15,1338
15,1423
15,1434
15,1446
15,1458
15,1478
15,1486
15,1496
15,1507
15,1520
15,1532
15,1537
15,1549
15,1559
15,1580
15,1581
15,1602
15,1613
15,1624
15,1625
15,1636
15,1649
15,1655
15,1665
15,1666
15,1687
15,1700
15,1711
15,1722
15,1736
15,1747
15,1749
15,1771
15,1784
15,1785
15,1804
15,1805
15,1827
15,1837
15,1930
15,1942
15,1953
15,1969
15,1977
15,1989
15,1990
15,2003
15,2016
15,2027
15,2039
15,2040
15,2049
15,2053
15,2054
15,2056
15,2057
15,2061
15,2062
15,2065
15,2068
15,2069
15,2071
15,2072
15,2076
15,2079
15,2080
15,2082
15,2083
15,2087
15,2088
15,2091
15,2094
15,2097
15,2100
15,2101
15,2105
15,2109
15,2110
15,2116
15,2137
15,2148
15,2160
15,2171
15,2180
15,2192
15,2200
15,2213
15,2225
15,2226
15,2247
15,2249
15,2270
15,2281
15,2291
15,2306
15,2316
15,2329
15,2341
15,2373
15,2384
15,2395
15,2407
15,2419
15,2430
15,2515
15,2527
15,2539
15,2564
15,2574
15,2587
15,2610
15,2611
15,2634
15,2645
15,2657
15,2678
15,2688
15,2690
15,2693
15,2695
15,2698
15,2700
15,2702
15,2703
15,2708
15,2709
15,2712
15,2714
15,2716
15,2719
15,2720
15,2723
15,2725
15,2727
15,2729
15,2730
15,2733
15,2735
15,2738
15,2740
15,2741
15,2744
15,2746
15,2751
15,2776
15,2787
15,2788
15,2799
15,2809
15,2821
15,2832
15,2843
15,2855
15,2875
15,2876
15,2898
15,2899
15,2947
15,2948
15,2969
15,2989
15,2990
15,3045
15,3220
15,3221
15,3242
15,3254
15,3268
15,3279
15,3289
15,3310
15,3312
15,3338
15,3349
15,3360
15,3372
15,3373
15,3384
15,3394
15,3404
15,3415
15,3424
15,3437
15,3456
15,3585
15,3597
15,3606
15,3617
15,3618
15,3629
15,3640
15,3714
15,3724
15,3735
15,3736
15,3746
15,3760
15,3770
15,3780
15,3781
15,3791
15,3801
15,3810
15,3820
15,3821
15,3831
15,3841
15,3851
15,3862
15,3865
16,8
16,1470
16,1493
16,1496
16,1509
16,1524
16,1613
16,1628
16,1640
16,1653
16,1747
16,1761
16,1776
16,1787
16,1795
16,1805
16,1820
16,1834
16,1848
16,1857
16,1874
16,1876
16,1898
16,1902
16,1916
16,1923
16,1926
16,1927
16,1931
16,1932
16,1935
16,1936
16,1939
16,1943
16,1944
16,1948
16,1950
16,1967
16,1970
16,1974
16,1975
16,2054
16,2070
16,2086
16,2099
16,2116
16,2127
16,2141
16,2165
16,2168
16,2192
16,2204
16,2217
16,2233
16,2254
16,2270
16,2282
16,2296
16,2310
16,2326
16,2349
16,2363
16,2377
16,2391
16,2405
16,2420
16,2429
16,2506
16,2510
16,2524
16,2540
16,2551
16,2566
16,2579
16,2589
16,2618
16,2621
16,2646
16,2656
16,2661
16,2674
16,2864
16,2877
16,2884
16,2886
16,2899
16,2924
16,2926
16,2941
16,3031
16,3045
16,3060
16,3084
16,3093
16,3124
16,3139
16,3149
16,3163
16,3167
16,3192
16,3195
16,3278
16,3289
16,3308
16,3318
16,3342
16,3345
16,3359
16,3384
16,3386
16,3411
16,3428
16,3441
16,3584
16,3597
16,3651
16,3665
16,3676
16,3694
16,3705
16,3800
16,3806
16,3830
16,3831
16,3860
16,3870
16,3886
16,3913
16,3926
16,3936
16,3941
16,3954
16,3979
16,3994
16,4002
16,4020
16,4021
16,4044
16,4048
16,4072
16,4076
16,4089
16,4102
16,4114
16,4128
16,4141
16,4144
16,4235
16,4248
16,35
16,131
16,155
16,165
16,184
16,187
15,156
16,649
16,1088
16,1091
16,1092
16,1097
16,1099
16,1104
16,1108
16,1110
16,1114
16,1115
16,1119
16,1123
16,1125
16,1128
16,1130
16,1134
16,1136
16,1139
16,2945
16,2946
16,2948
16,2949
16,2951
16,2953
16,2954
16,2956
16,2958
16,2961
16,2965
16,2967
16,2970
16,2972
16,2976
16,2978
16,2981
16,2985
16,2987
16,4864
16,2983
16,2980
16,2974
16,2969
16,2963
16,2959
16,2955
16,2952
16,2950
16,2947
16,2944
16,50
16,1132
16,1126
16,1121
16,1117
16,1112
16,1106
16,1103
16,1094
16,1089
16,645
16,641
16,178
16,141
16,51
13,4
13,3
13,2
13,1
13,0
12,8
12,7
12,6
12,5
12,4
12,3
12,2
12,1
12,0
11,5
11,4
11,3
11,2
11,1
11,0
9,2
9,1
9,0
8,2
8,1
8,0
7,5
7,4
7,3
7,2
7,1
7,0
6,5
6,2
6,1
6,0
5,6
5,5
5,4
5,2
5,1
5,0
4,3
4,2
4,1
4,0
3,6
3,5
3,4
3,3
3,2
3,1
3,0
2,2
2,1
2,0
1,2
1,1
1,0
0,9
16,4270
16,4275
16,4300
16,4302
16,4316
16,4337
16,4342
16,4363
16,4377
16,4382
16,4397
16,4409
16,4435
16,4441
16,4464
16,4478
16,4479
16,4486
16,4495
14,1
16,4865
16,4790
16,4786
16,4780
16,4771
16,4767
16,4758
16,4753
16,4745
16,4740
16,4730
16,4724
16,4716
16,4712
16,4702
16,4697
16,4688
16,4685
16,4675
16,4671
16,4661
16,4657
16,4647
16,4645
16,4635
16,4631
16,4619
16,4487
16,4483
16,4480
16,4467
16,4454
16,4450
16,4424
16,4420
16,4407
16,4394
16,4368
16,4355
16,4351
16,4329
16,4326
16,4312
16,4290
16,4285
16,4262
16,4257
16,4244
16,4232
16,4157
16,4134
16,4117
16,4097
16,4088
16,4061
16,4035
16,4031
16,4007
16,3992
16,3967
16,3951
16,3927
16,3899
16,3884
16,3874
16,3857
16,3844
16,3817
16,3811
16,3789
16,3784
16,3702
16,3689
16,3679
16,3663
16,3638
16,3635
16,3625
16,3622
16,3610
16,3593
16,3449
16,3427
16,3415
16,3402
16,3396
16,3374
16,3368
16,3354
16,3334
16,3330
16,3303
16,3292
16,3273
16,3264
16,3237
16,3181
16,3180
16,3153
16,3137
16,3111
16,3098
16,3079
16,3070
16,3056
16,3042
16,3028
16,3018
16,3017
16,2936
16,2912
16,2894
16,2878
16,2859
16,2851
16,2847
16,2838
16,2835
16,2825
16,2822
16,2684
16,2672
16,2647
16,2633
16,2607
16,2603
16,2592
16,2577
16,2562
16,2536
16,2519
16,2496
16,2431
16,2414
16,2403
16,2388
16,2376
16,2344
16,2336
16,2321
16,2308
16,2291
16,2276
16,2265
16,2240
16,2227
16,2213
16,2201
16,2190
16,2179
16,2154
16,2137
16,2126
16,2112
16,2082
16,2075
16,2059
16,2043
16,2033
16,2032
16,2019
16,2005
16,2004
16,1994
16,1990
16,1972
16,1968
16,1964
16,1962
16,1960
16,1959
16,1956
16,1954
16,1952
16,1946
16,1941
16,1938
16,1934
16,1929
16,1925
16,1921
16,1913
16,1889
16,1885
16,1864
16,1846
16,1822
16,1810
16,1794
16,1786
16,1772
16,1750
16,1735
16,1721
16,1702
16,1638
16,1625
16,1609
16,1600
16,1534
16,1520
16,1506
16,1480
16,1457
16,1444
16,1434
16,1421
16,1407
16,1396
16,1391
16,1382
16,1381
16,1375
16,1369
16,1367
16,1364
16,1360
16,1355
16,1353
16,1349
16,1346
16,1343
16,1340
16,1336
16,1333
16,1328
16,1323
16,1321
16,1317
16,1315
16,1306
16,1303
16,1295
16,1292
16,1290
16,1285
16,1279
16,1273
16,1250
16,1237
16,1220
16,1214
16,1211
16,1201
16,1198
16,1186
16,1183
16,1173
16,1170
16,1161
16,1156
16,1087
16,1083
16,1078
16,1076
16,1073
16,1071
16,1064
16,1060
16,1058
16,1054
16,1049
16,1044
16,1042
16,1038
16,1032
16,1030
16,1026
16,1024
16,1020
16,1018
16,1013
16,1009
16,1005
16,1001
16,997
16,994
16,990
16,987
16,985
16,981
16,977
16,974
16,970
16,968
16,966
16,961
16,958
16,955
16,952
16,945
16,941
16,937
16,935
16,932
16,926
16,924
16,920
16,918
16,912
16,911
16,903
16,899
16,895
16,892
16,885
16,882
16,880
16,876
16,868
16,865
16,859
16,852
16,851
16,844
16,839
16,835
16,831
16,827
16,823
16,821
16,816
16,812
16,808
16,805
16,803
16,797
16,792
16,790
16,785
16,781
16,777
16,773
16,769
16,766
16,760
16,757
16,752
16,749
16,747
16,744
16,742
16,738
16,735
16,732
16,725
16,721
16,717
16,713
16,709
16,681
16,680
16,679
16,678
16,675
16,670
16,664
16,660
16,658
16,654
16,648
16,643
16,11
16,18
16,632
16,625
16,614
16,22
16,597
16,585
16,582
16,28
16,563
16,552
16,529
16,522
16,507
16,502
16,500
16,495
16,491
16,488
16,480
16,467
16,453
16,422
16,392
16,380
16,378
16,374
16,371
16,367
16,363
16,358
16,355
16,352
16,347
16,345
16,338
16,335
16,331
16,324
16,322
16,319
16,317
16,310
16,298
16,286
16,277
16,273
16,271
16,266
16,265
16,262
16,258
16,251
16,243
16,235
16,231
16,224
16,222
16,214
16,206
16,191
16,186
16,172
16,171
16,170
16,161
16,143
16,138
16,135
16,125
16,122
16,116
16,111
16,109
16,103
16,99
16,96
16,93
16,89
16,84
16,82
16,80
16,74
16,72
16,68
16,66
16,52
16,49
16,47
16,43
16,40
16,37
16,33
16,31
16,20
16,16
16,7
16,6
16,4
16,2
16,1
16,0
15,3852
15,3842
15,3830
15,3811
15,3800
15,3790
15,3771
15,3758
15,3745
15,3725
15,3713
15,3639
15,3619
15,3607
15,3596
15,3584
15,3425
15,3413
15,3393
15,3383
15,3361
15,3339
15,3328
15,3301
15,3269
15,3253
15,3230
15,3208
15,3048
15,3044
15,3000
15,2979
15,2958
15,2909
15,2887
15,2864
15,2853
15,2822
15,2808
15,2798
15,2777
15,2766
15,2753
15,2749
15,2743
15,2739
15,2737
15,2732
15,2728
15,2724
15,2721
15,2717
15,2713
15,2710
15,2705
15,2701
15,2699
15,2694
15,2689
15,2667
15,2656
15,2633
15,2599
15,2586
15,2550
15,2526
15,2504
15,2420
15,2396
15,2374
15,2342
15,2317
15,2305
15,2280
15,2258
15,2236
15,2216
15,2202
15,2191
15,2170
15,2138
15,2126
15,2115
15,2106
15,2104
15,2098
15,2092
15,2089
15,2086
15,2081
15,2077
15,2074
15,2070
15,2066
15,2064
15,2059
15,2055
15,2052
15,2048
15,2030
15,2015
15,2002
15,1978
15,1954
15,1941
15,1929
15,1920
15,1828
15,1817
15,1794
15,1772
15,1761
15,1737
15,1721
15,1697
15,1676
15,1656
15,1648
15,1635
15,1614
15,1591
15,1564
15,1550
15,1533
15,1508
15,1497
15,1485
15,1457
15,1424
15,1413
15,1337
15,1316
15,1292
15,1269
15,1258
15,1247
15,1226
15,1211
15,1206
15,1204
15,1200
15,1197
15,1193
15,1189
15,1186
15,1182
15,1179
15,1174
15,1171
15,1168
15,1163
15,1158
15,1153
15,1146
15,1132
15,1099
15,1088
15,1077
15,1058
15,1044
15,1037
15,1018
15,1007
15,997
15,994
15,991
15,987
15,984
15,981
15,978
15,976
15,973
15,969
15,967
15,964
15,961
15,952
15,949
15,946
15,943
15,941
15,938
15,935
15,931
15,929
15,926
15,923
15,921
15,918
15,915
15,913
15,910
15,907
15,902
15,900
15,897
15,894
15,892
15,889
15,886
15,883
15,880
15,877
15,874
15,872
15,869
15,866
15,863
15,861
15,858
15,855
15,853
15,850
15,847
15,844
15,842
15,839
15,836
15,834
15,831
15,812
15,800
15,779
15,769
15,702
15,700
15,697
15,694
15,692
15,689
15,686
15,683
15,681
15,678
15,675
15,673
15,670
15,667
15,664
15,662
15,659
15,656
15,654
15,651
15,648
15,646
15,643
15,640
15,637
15,635
15,632
15,629
15,627
15,624
15,621
15,618
15,616
15,613
15,610
15,608
15,605
15,602
15,599
15,597
15,594
15,591
15,589
15,586
15,583
15,580
15,578
15,576
15,572
15,568
15,564
15,561
15,558
15,554
15,549
15,546
15,545
15,542
15,538
15,536
15,531
15,525
15,521
15,518
15,513
15,510
15,508
15,505
15,502
15,499
15,493
15,490
15,487
15,485
15,482
15,479
15,477
15,474
15,471
15,468
15,466
15,463
15,460
15,458
15,455
15,452
15,449
15,447
15,444
15,441
15,438
15,435
15,432
15,429
15,427
15,424
15,421
15,419
15,416
15,413
15,411
15,408
15,405
15,402
15,400
15,397
15,394
15,392
15,389
15,386
15,383
15,381
15,378
15,375
15,373
15,370
15,367
15,364
15,362
15,359
15,356
15,354
15,352
15,348
15,345
15,343
15,340
15,337
15,335
15,332
15,329
15,327
15,324
15,321
15,318
15,316
15,312
15,309
15,307
15,304
15,301
15,298
15,296
15,293
15,290
15,288
15,285
15,282
15,279
15,277
15,274
15,271
15,269
15,266
15,264
15,263
15,262
15,261
15,260
15,259
15,258
15,257
15,256
15,169
15,168
15,163
15,162
15,152
15,145
15,139
